5.687410714285714164e+01 6.662678571428571672e+01 2.717410714285714235e+01
1.360348214285714334e+02 1.030116071428571445e+02 1.295607142857142833e+02
1.185250000000000057e+02 1.070616071428571416e+02 5.314821428571428896e+01
1.298098214285714391e+02 1.054160714285714278e+02 1.069392857142857167e+02
9.833482142857143060e+01 7.512410714285714164e+01 4.958035714285714590e+01
1.982267857142857110e+02 9.871607142857142492e+01 1.149544642857142804e+02
1.045803571428571388e+02 1.134249999999999972e+02 2.657499999999999929e+01
7.550089285714285836e+01 7.625178571428571672e+01 6.414285714285713880e+01
5.718214285714285694e+01 5.640803571428571672e+01 6.772589285714285268e+01
6.571875000000000000e+01 4.124017857142857224e+01 4.639464285714285552e+01
2.370732142857142719e+02 1.868080357142857224e+02 1.313589285714285779e+02
1.573133928571428442e+02 1.307383928571428555e+02 1.014964285714285666e+02
1.123312499999999972e+02 8.943571428571428328e+01 1.226142857142857139e+02
1.539491071428571445e+02 1.347098214285714164e+02 8.825624999999999432e+01
1.413499999999999943e+02 7.740000000000000568e+01 1.123232142857142861e+02
1.169964285714285666e+02 3.426607142857142918e+01 7.578125000000000000e+01
9.610982142857142208e+01 9.166249999999999432e+01 1.162044642857142804e+02
1.139312500000000057e+02 1.161008928571428527e+02 9.119910714285714448e+01
1.677169642857142833e+02 1.504544642857142946e+02 4.812053571428571530e+01
1.543187499999999943e+02 1.375089285714285836e+02 1.049142857142857110e+02
8.970178571428571956e+01 3.003482142857142989e+01 2.729464285714285765e+01
1.700964285714285609e+02 1.047223214285714334e+02 1.902857142857142847e+01
1.367607142857142719e+02 1.060410714285714278e+02 1.135803571428571388e+02
9.807589285714286120e+01 1.018303571428571388e+02 7.926071428571428612e+01
1.228812499999999943e+02 1.047205357142857167e+02 1.057741071428571473e+02
1.056883928571428584e+02 9.198035714285714448e+01 5.011607142857143060e+01
1.675276785714285666e+02 1.323598214285714221e+02 9.601339285714286120e+01
1.579580357142857281e+02 1.247410714285714306e+02 1.498080357142857224e+02
1.042696428571428555e+02 9.102500000000000568e+01 8.923571428571428044e+01
1.796214285714285666e+02 1.343964285714285722e+02 1.114223214285714221e+02
2.025562500000000057e+02 1.708169642857142776e+02 1.425607142857142833e+02
9.444285714285713595e+01 6.569732142857142776e+01 4.696875000000000000e+01
1.411392857142857054e+02 1.055008928571428584e+02 6.513392857142856762e+00
1.255589285714285666e+02 1.115401785714285694e+02 9.125357142857143344e+01
1.318392857142857224e+02 1.272187500000000000e+02 1.177937500000000028e+02
1.327785714285714391e+02 8.589374999999999716e+01 1.281491071428571331e+02
1.660875000000000057e+02 1.227437500000000057e+02 1.479053571428571558e+02
1.537026785714285779e+02 1.113348214285714306e+02 4.433749999999999858e+01
1.374187499999999886e+02 1.224723214285714334e+02 1.170312500000000000e+02
1.972053571428571388e+02 1.659741071428571502e+02 2.381964285714285623e+01
1.017232142857142918e+02 5.827321428571428896e+01 8.973928571428571388e+01
9.180625000000000568e+01 8.106964285714285268e+01 1.016785714285714270e+01
1.074705357142857167e+02 1.100446428571428612e+02 2.380000000000000071e+01
2.187249999999999943e+02 1.452928571428571445e+02 2.168928571428571317e+01
9.127053571428571388e+01 8.989910714285714732e+01 8.623125000000000284e+01
4.783749999999999858e+01 5.023214285714285410e+01 4.298125000000000284e+01
1.395062499999999943e+02 1.063785714285714334e+02 1.460401785714285836e+02
1.080633928571428584e+02 1.213071428571428640e+02 1.564071428571428442e+02
6.352678571428571530e+01 3.760625000000000284e+01 7.421607142857142492e+01
1.347410714285714164e+02 7.343660714285714164e+01 1.264482142857142861e+02
1.248526785714285694e+02 7.567499999999999716e+01 8.097678571428571104e+01
1.524446428571428669e+02 1.287937499999999886e+02 9.943125000000000568e+01
1.178160714285714334e+02 1.104794642857142861e+02 1.140133928571428612e+02
2.149607142857142890e+02 2.047687500000000114e+02 1.715241071428571331e+02
1.237750000000000057e+02 5.357589285714285410e+01 9.110892857142857792e+01
9.751696428571428044e+01 9.784285714285714164e+01 8.675446428571429180e+01
1.100848214285714306e+02 1.008651785714285722e+02 3.488571428571428612e+01
1.434232142857142946e+02 1.270169642857142804e+02 1.483776785714285609e+02
7.895714285714285552e+01 8.547946428571428612e+01 6.155803571428571530e+01
1.811089285714285779e+02 1.706374999999999886e+02 1.400571428571428498e+02
1.400044642857142776e+02 1.512812500000000000e+02 1.146589285714285751e+02
7.729732142857142208e+01 7.681607142857143344e+01 6.707678571428571956e+01
1.424464285714285836e+02 9.085178571428571104e+01 1.462839285714285609e+02
1.394401785714285609e+02 1.051732142857142804e+02 6.131517857142856798e+01
2.398598214285714221e+02 2.048116071428571558e+02 2.123098214285714391e+02
9.565357142857142492e+01 1.024776785714285694e+02 6.316696428571428612e+01
1.864410714285714334e+02 1.029455357142857110e+02 1.584330357142857224e+02
6.166517857142856940e+01 6.102499999999999858e+01 6.184196428571428328e+01
1.137151785714285666e+02 9.051250000000000284e+01 9.144821428571428612e+01
8.330535714285714732e+01 4.510357142857142776e+01 6.882946428571428044e+01
8.899553571428570820e+01 1.028276785714285779e+02 5.620000000000000284e+01
1.110499999999999972e+02 9.648035714285714448e+01 9.591160714285713595e+01
1.352624999999999886e+02 6.531874999999999432e+01 4.931785714285714306e+01
7.673482142857142208e+01 7.286071428571428044e+01 9.264285714285713880e+01
1.423241071428571445e+02 1.122160714285714249e+02 8.813750000000000284e+01
2.347223214285714334e+02 1.746303571428571502e+02 1.777330357142857054e+02
7.298839285714285552e+01 5.331071428571428328e+01 4.694642857142856940e+01
1.481562500000000000e+02 1.216982142857142861e+02 8.143660714285714164e+01
1.566276785714285609e+02 1.278196428571428527e+02 9.895982142857143060e+01
5.512142857142857366e+01 5.640625000000000000e+01 7.438392857142856940e+01
9.010803571428571956e+01 3.427321428571428896e+01 7.198660714285713880e+01
1.196660714285714278e+02 1.196446428571428555e+02 6.088303571428571104e+01
9.081964285714285268e+01 5.688392857142856940e+01 7.026874999999999716e+01
2.430124999999999886e+02 2.155026785714285609e+02 2.247848214285714334e+02
1.407258928571428669e+02 1.338151785714285609e+02 9.327678571428570820e+01
1.474499999999999886e+02 1.454401785714285609e+02 1.312267857142857110e+02
1.700571428571428498e+02 9.891607142857142776e+01 1.315062499999999943e+02
1.068491071428571360e+02 1.095901785714285666e+02 6.426696428571428044e+01
6.434107142857142492e+01 1.041580357142857167e+02 1.365276785714285666e+02
1.292794642857142833e+02 1.552116071428571331e+02 9.225446428571429180e+01
1.961848214285714391e+02 1.061017857142857110e+02 1.334705357142857167e+02
8.090803571428571672e+01 6.985446428571428612e+01 6.513750000000000284e+01
1.059107142857142918e+02 6.642499999999999716e+01 9.172589285714285268e+01
1.218446428571428584e+02 1.067848214285714334e+02 7.408482142857143060e+01
9.470178571428571956e+01 9.682678571428571956e+01 9.156160714285714164e+01
1.641151785714285722e+02 1.104124999999999943e+02 1.204285714285714306e+02
1.256517857142857082e+02 1.327973214285714221e+02 1.119026785714285666e+02
1.366053571428571445e+02 1.421133928571428555e+02 3.959017857142857366e+01
1.070526785714285722e+02 9.554196428571428612e+01 1.016026785714285694e+02
1.824383928571428442e+02 1.023553571428571445e+02 1.492401785714285722e+02
8.522321428571429180e+01 8.096071428571428896e+01 6.591964285714286120e+01
4.965714285714285836e+01 7.886428571428571388e+01 4.031696428571428470e+01
2.407285714285714278e+02 2.040848214285714164e+02 2.196624999999999943e+02
1.066116071428571388e+02 9.766517857142856940e+01 2.680803571428571530e+01
1.399776785714285836e+02 1.945642857142857167e+02 1.525116071428571445e+02
1.884232142857142946e+02 1.789383928571428442e+02 9.134017857142856656e+01
1.395464285714285779e+02 1.244964285714285666e+02 1.143392857142857082e+02
9.618303571428570820e+01 9.441428571428571104e+01 9.578392857142857508e+01
1.955821428571428555e+02 1.110758928571428612e+02 7.788928571428571956e+01
1.757428571428571331e+02 1.051624999999999943e+02 1.390857142857142890e+02
1.701839285714285666e+02 1.276517857142857082e+02 1.162285714285714278e+02
7.773214285714286120e+01 6.420446428571428044e+01 2.243749999999999911e+00
9.920892857142857224e+01 1.342598214285714278e+02 5.533482142857143060e+01
1.349464285714285836e+02 1.296223214285714391e+02 1.223866071428571445e+02
1.426892857142857167e+02 1.258080357142857082e+02 1.376169642857142890e+02
1.531142857142857281e+02 1.561919642857142776e+02 1.049214285714285779e+02
1.461687499999999886e+02 9.436160714285713880e+01 8.462142857142856656e+01
8.429553571428571956e+01 6.093839285714285836e+01 9.109464285714285836e+01
1.581071428571428612e+02 8.999196428571428896e+01 6.283392857142857224e+01
8.319196428571429180e+01 5.087500000000000000e+01 6.732142857142856940e+01
7.951964285714285552e+01 8.327946428571428328e+01 6.021875000000000000e+01
9.464285714285713880e+01 4.969642857142856940e+01 7.562500000000000000e+01
1.504544642857142946e+02 1.256116071428571388e+02 1.170125000000000028e+02
7.583392857142857224e+01 8.083571428571428896e+01 7.082053571428571104e+01
1.235482142857142804e+02 1.258223214285714278e+02 1.231428571428571388e+02
1.738178571428571502e+02 1.815250000000000057e+02 1.373107142857142833e+02
7.957142857142856940e+01 6.152053571428571388e+01 7.308124999999999716e+01
1.716098214285714221e+02 1.835732142857142719e+02 5.549821428571428328e+01
6.301339285714285410e+01 9.016964285714286120e+01 4.972857142857142776e+01
1.473946428571428555e+02 1.322214285714285609e+02 3.670803571428571388e+01
8.610089285714285268e+01 3.720714285714285552e+01 8.367857142857141994e+00
1.401616071428571502e+02 1.581392857142857054e+02 1.413419642857142833e+02
1.123348214285714306e+02 1.085723214285714278e+02 9.859999999999999432e+01
2.032660714285714221e+02 1.826794642857142890e+02 1.064124999999999943e+02
1.160142857142857196e+02 1.120392857142857110e+02 7.921160714285714732e+01
8.283839285714286405e+01 2.328660714285714306e+01 2.283749999999999858e+01
1.196419642857142804e+02 7.486696428571428896e+01 8.831785714285713595e+01
1.180089285714285694e+02 9.088303571428571104e+01 9.340803571428571672e+01
1.213169642857142918e+02 6.209821428571428470e+01 2.582767857142857082e+01
8.878571428571429180e+01 9.294374999999999432e+01 6.697678571428571104e+01
1.637258928571428669e+02 1.251937499999999943e+02 1.335973214285714334e+02
1.769366071428571558e+02 3.753125000000000000e+01 3.011696428571428541e+01
9.536875000000000568e+01 1.228526785714285694e+02 9.319821428571428612e+01
5.555357142857143060e+01 4.459107142857143202e+01 3.840625000000000000e+01
1.416839285714285666e+02 1.153803571428571360e+02 1.337196428571428442e+02
6.831964285714285268e+01 6.521517857142856656e+01 3.555714285714285694e+01
1.188892857142857196e+02 1.054330357142857082e+02 1.296660714285714278e+02
1.297169642857142833e+02 3.932321428571428612e+01 1.417919642857142719e+02
9.034553571428571672e+01 2.832767857142857082e+01 4.122946428571428612e+01
9.129107142857142776e+01 9.690982142857143344e+01 6.932142857142856940e+01
1.064124999999999943e+02 6.304196428571428612e+01 5.464553571428571388e+01
9.019642857142856940e+01 6.515000000000000568e+01 4.940089285714285694e+01
8.810178571428571104e+01 1.202392857142857139e+02 1.274669642857142833e+02
1.443491071428571502e+02 1.321142857142857281e+02 4.451607142857142918e+01
1.295991071428571502e+02 2.314464285714285552e+01 5.280357142857142527e+00
1.473883928571428612e+02 1.193339285714285722e+02 1.582589285714285765e+01
1.274633928571428640e+02 1.085089285714285694e+02 7.479910714285713880e+01
7.541428571428571104e+01 8.712410714285714164e+01 6.421160714285714732e+01
2.102348214285714221e+02 1.472508928571428442e+02 1.459499999999999886e+02
1.070116071428571445e+02 1.273714285714285666e+02 8.963750000000000284e+01
1.522178571428571558e+02 1.179687500000000000e+02 1.092589285714285730e+01
1.075758928571428612e+02 7.280446428571428896e+01 5.780446428571428896e+01
1.556526785714285666e+02 9.973749999999999716e+01 6.649553571428570820e+01
4.682589285714285410e+01 1.712321428571428683e+01 1.890267857142857011e+01
1.249741071428571360e+02 1.218955357142857139e+02 1.342669642857142946e+02
1.381062499999999886e+02 1.353330357142857281e+02 5.175267857142856798e+01
1.391946428571428669e+02 1.556107142857142946e+02 1.554633928571428498e+02
7.595357142857142208e+01 6.740357142857142492e+01 6.147232142857142634e+01
1.065196428571428555e+02 5.922946428571428612e+01 2.238312500000000114e+02
1.162142857142857082e+02 7.308750000000000568e+01 8.487410714285714164e+01
1.015562500000000057e+02 8.929642857142857792e+01 1.101839285714285666e+02
6.647589285714285268e+01 6.741785714285714448e+01 6.505535714285714732e+01
7.882053571428571104e+01 5.293839285714285836e+01 6.499732142857142492e+01
1.723142857142857167e+02 3.804910714285714590e+01 5.940803571428571672e+01
2.238705357142857224e+02 1.274312500000000057e+02 1.234964285714285666e+02
1.485946428571428442e+02 1.839000000000000057e+02 1.496392857142857054e+02
7.471517857142856656e+01 6.829553571428571956e+01 3.713482142857142776e+01
1.115776785714285779e+02 1.118803571428571360e+02 8.758750000000000568e+01
1.037294642857142861e+02 1.222857142857142918e+02 9.886696428571428896e+01
1.353196428571428669e+02 1.126892857142857167e+02 8.789642857142857224e+01
2.028178571428571502e+02 1.422285714285714278e+02 1.156732142857142804e+02
1.398642857142857281e+02 8.242499999999999716e+01 7.487410714285714164e+01
1.892696428571428555e+02 1.251517857142857082e+02 9.468750000000000000e+00
4.248035714285714448e+01 4.842410714285714590e+01 2.680892857142857011e+01
1.031598214285714334e+02 1.197321428571428612e+02 5.796339285714285694e+01
1.422160714285714391e+02 1.383366071428571331e+02 1.406482142857142890e+02
1.685116071428571445e+02 1.038919642857142804e+02 1.446750000000000114e+02
1.150446428571428612e+02 7.986160714285713880e+01 9.614464285714285552e+01
1.030125000000000028e+02 7.461339285714285552e+01 8.613482142857142776e+01
1.331785714285714164e+02 5.121517857142857366e+01 9.793928571428571672e+01
1.723589285714285779e+02 1.223321428571428555e+02 1.491964285714285765e+01
1.367964285714285779e+02 1.297089285714285722e+02 1.175312500000000000e+02
1.319017857142857224e+02 1.371812500000000057e+02 2.848571428571428399e+01
7.480803571428570820e+01 8.614017857142857792e+01 4.869642857142856940e+01
1.546741071428571388e+02 1.093366071428571473e+02 9.887499999999999289e+00
1.344732142857142776e+02 1.155089285714285694e+02 1.381624999999999943e+02
1.006901785714285751e+02 8.877767857142856656e+01 9.830089285714285552e+01
1.751205357142857224e+02 1.617044642857142946e+02 1.309669642857142833e+02
9.173571428571428044e+01 1.171589285714285751e+02 1.020776785714285779e+02
7.691607142857142776e+01 7.914285714285713880e+01 6.266607142857142776e+01
1.293491071428571502e+02 7.417767857142857224e+01 8.618571428571428328e+01
1.102839285714285751e+02 5.218928571428571672e+01 4.811339285714285552e+01
7.592499999999999716e+01 7.945892857142857224e+01 1.004107142857142918e+02
1.305205357142857281e+02 1.266303571428571360e+02 4.196517857142857366e+01
1.577785714285714391e+02 6.483303571428571388e+01 8.100535714285713595e+01
1.959589285714285722e+02 1.041312499999999943e+02 1.927812500000000000e+02
1.076589285714285751e+02 5.866428571428571104e+01 1.120883928571428640e+02
1.117508928571428584e+02 1.279249999999999972e+02 9.674642857142856656e+01
1.288750000000000000e+02 1.126535714285714249e+02 1.069107142857142918e+02
1.382410714285714164e+02 1.151562500000000000e+02 1.047133928571428640e+02
1.152080357142857139e+02 7.242321428571428044e+01 1.062428571428571473e+02
4.601071428571428612e+01 5.173928571428571388e+01 4.677946428571428328e+01
8.062767857142857508e+01 8.396607142857142492e+01 5.550803571428571104e+01
1.588562499999999886e+02 1.575508928571428555e+02 1.666035714285714278e+02
1.156044642857142861e+02 1.040374999999999943e+02 1.404178571428571445e+02
8.494374999999999432e+01 8.882232142857142776e+01 7.330446428571428896e+01
1.113017857142857139e+02 1.174535714285714221e+02 8.795357142857142208e+01
9.580803571428570820e+01 7.616428571428571104e+01 7.789374999999999716e+01
7.637142857142856656e+01 4.945714285714285552e+01 8.083035714285713880e+00
1.675696428571428669e+02 1.514491071428571445e+02 1.604508928571428612e+02
2.300946428571428442e+02 1.452500000000000000e+02 1.635919642857142833e+02
1.534455357142857110e+02 1.322687500000000114e+02 1.671875000000000000e+02
9.649017857142857224e+01 8.332946428571428044e+01 7.702410714285714732e+01
2.023071428571428498e+02 1.535991071428571502e+02 1.767339285714285779e+02
1.548062500000000057e+02 7.204910714285713880e+01 9.067857142857143060e+01
1.365642857142857167e+02 1.165955357142857167e+02 8.201339285714286120e+01
1.347678571428571388e+02 1.027821428571428584e+02 8.040892857142857508e+01
2.591071428571428470e+01 3.077053571428571388e+01 2.438749999999999929e+01
1.093633928571428555e+02 1.216562500000000000e+02 6.037232142857143202e+01
7.192499999999999716e+01 1.119732142857142776e+01 1.939732142857142705e+01
7.666249999999999432e+01 6.761428571428571388e+01 8.359821428571429180e+01
9.799642857142856656e+01 8.416339285714285268e+01 8.465892857142857508e+01
6.103035714285714164e+01 2.880714285714285694e+01 4.035803571428571246e+01
1.185517857142857139e+02 9.385446428571428612e+01 6.208482142857143060e+01
1.672723214285714164e+02 1.299794642857142719e+02 1.295892857142857224e+01
9.995178571428571956e+01 7.477053571428571388e+01 5.479910714285714590e+01
1.126642857142857110e+02 8.239732142857143060e+01 8.791875000000000284e+01
9.644017857142857508e+01 8.275000000000000000e+01 1.090232142857142890e+02
1.334875000000000114e+02 1.246080357142857196e+02 1.081205357142857082e+02
7.666071428571429180e+01 7.039732142857143060e+01 7.670089285714286120e+01
8.655089285714285552e+01 8.041696428571428612e+01 8.453482142857143344e+01
1.006624999999999943e+02 6.596696428571428328e+01 5.306517857142856798e+01
8.441964285714286120e+01 6.391250000000000142e+01 1.231803571428571473e+02
1.049187500000000028e+02 1.285214285714285722e+02 1.721312499999999943e+02
8.971875000000000000e+01 1.090785714285714221e+02 3.731071428571428328e+01
1.290687499999999943e+02 1.051776785714285722e+02 6.737678571428571672e+01
9.168750000000000000e+01 9.334821428571429180e+01 7.860267857142856940e+01
1.504741071428571502e+02 8.029285714285714448e+01 1.727410714285714377e+01
1.522741071428571331e+02 9.476160714285714448e+01 4.263392857142856940e+01
1.078741071428571416e+02 9.152500000000000568e+01 2.052053571428571388e+01
1.362883928571428669e+02 1.200116071428571445e+02 8.852857142857142492e+01
1.741830357142857224e+02 9.077053571428571388e+01 1.423651785714285722e+02
5.783124999999999716e+01 9.595982142857143060e+01 5.471071428571428896e+01
1.992544642857142776e+02 1.772437500000000057e+02 1.339312500000000057e+02
1.443464285714285609e+02 7.054285714285714448e+01 1.073750000000000071e+01
1.681223214285714391e+02 1.677500000000000000e+02 1.489339285714285666e+02
1.377258928571428669e+02 8.204821428571428044e+01 1.190741071428571445e+02
9.074375000000000568e+01 8.691785714285714448e+01 5.702499999999999858e+01
6.090267857142857366e+01 5.772053571428571672e+01 5.028839285714285978e+01
6.910982142857142208e+01 5.254464285714285410e+01 5.692857142857143060e+01
1.497276785714285836e+02 1.129776785714285694e+02 8.606428571428571672e+01
8.376071428571428612e+01 8.139374999999999716e+01 6.904642857142857792e+01
1.134991071428571416e+02 7.035267857142856940e+01 6.747678571428571104e+01
1.203607142857142804e+02 1.169178571428571445e+02 1.184874999999999972e+02
1.363866071428571445e+02 1.389812499999999886e+02 2.208660714285714377e+01
8.752678571428570820e+01 9.977946428571428328e+01 8.498392857142857792e+01
9.501964285714285552e+01 7.967053571428571956e+01 6.734107142857142492e+01
1.487830357142857167e+02 1.152366071428571388e+02 8.426339285714286120e+01
1.149803571428571445e+02 1.144705357142857167e+02 8.767857142857142350e+00
1.993535714285714278e+02 1.453214285714285836e+02 3.871071428571428896e+01
1.029473214285714278e+02 7.954553571428571956e+01 3.983660714285714022e+01
1.364437499999999943e+02 1.513107142857142833e+02 1.244035714285714249e+02
1.463955357142857281e+02 7.846428571428570820e+01 1.366964285714285836e+02
1.771589285714285609e+02 9.964107142857142208e+01 1.196276785714285751e+02
1.179758928571428527e+02 8.340625000000000000e+01 1.034044642857142833e+02
1.889196428571428612e+02 1.937776785714285666e+02 1.752276785714285836e+02
1.217625000000000028e+02 1.246214285714285666e+02 7.688660714285714448e+01
9.473571428571428044e+01 6.653035714285714164e+01 1.006919642857142918e+02
9.769821428571428612e+01 1.063035714285714306e+02 8.556160714285714164e+01
6.188750000000000284e+01 3.927589285714285694e+01 5.565178571428571530e+01
1.651883928571428442e+02 9.561964285714286405e+01 1.493125000000000000e+02
1.080312500000000000e+02 9.860535714285714448e+01 1.057999999999999972e+02
9.244374999999999432e+01 7.555178571428571388e+01 2.180178571428571388e+01
7.574107142857143060e+01 7.656071428571428328e+01 6.407232142857142776e+01
2.219955357142857224e+02 2.105026785714285609e+02 2.160258928571428498e+02
1.403499999999999943e+02 1.190794642857142804e+02 1.095098214285714278e+02
1.215892857142857082e+02 2.048928571428571388e+01 1.731964285714285623e+01
1.574151785714285836e+02 1.469062500000000000e+02 6.116428571428571104e+01
9.258750000000000568e+01 8.942678571428571388e+01 7.961428571428571388e+01
9.192053571428571956e+01 8.919642857142856940e+01 6.138035714285714306e+01
1.460062499999999943e+02 1.195580357142857082e+02 8.862589285714285836e+01
1.747428571428571331e+02 7.314732142857143060e+01 5.198035714285714448e+01
1.116294642857142918e+02 8.580892857142856656e+01 3.880267857142857224e+01
1.553303571428571388e+02 1.255687499999999943e+02 1.278687500000000057e+02
1.382571428571428669e+02 1.414321428571428498e+02 1.071294642857142918e+02
1.433776785714285609e+02 1.274223214285714221e+02 1.113553571428571445e+02
9.038035714285713595e+01 9.402857142857142492e+01 7.841964285714285943e+00
1.128955357142857139e+02 4.980178571428571388e+01 1.211196428571428640e+02
7.230178571428571388e+01 7.329999999999999716e+01 7.105535714285714732e+01
2.072633928571428612e+02 1.499741071428571502e+02 1.545223214285714164e+02
1.216285714285714334e+02 8.772589285714285268e+01 1.020178571428571388e+02
1.715303571428571558e+02 1.117848214285714334e+02 7.593303571428570820e+01
2.199508928571428612e+02 9.799553571428570820e+01 1.292642857142857054e+02
1.483883928571428612e+02 1.315964285714285609e+02 8.064464285714285552e+01
7.608303571428571388e+01 4.336249999999999716e+01 4.462500000000000000e+01
5.873660714285714590e+01 6.787410714285714164e+01 8.695357142857142208e+01
9.291875000000000284e+01 7.402500000000000568e+01 6.264017857142857082e+01
2.004857142857142946e+02 7.903125000000000000e+01 6.917857142857142705e+00
1.596624999999999943e+02 8.593392857142856656e+01 5.634107142857143202e+01
1.037857142857142918e+02 8.301696428571428044e+01 1.895625000000000071e+01
1.637508928571428442e+02 7.396160714285714732e+01 1.494955357142857224e+02
8.771071428571428896e+01 7.413124999999999432e+01 1.808571428571428541e+01
1.043883928571428612e+02 1.052714285714285722e+02 8.069642857142856940e+01
1.077696428571428555e+02 5.653214285714285836e+01 7.311428571428571388e+01
1.192223214285714334e+02 3.419732142857142776e+01 1.189142857142857110e+02
8.623749999999999716e+01 6.440892857142857508e+01 7.423482142857142208e+01
1.321473214285714164e+02 1.024794642857142861e+02 1.170964285714285751e+02
1.083437500000000000e+02 1.123366071428571473e+02 8.174910714285714164e+01
7.485089285714285268e+01 9.111249999999999716e+01 5.495357142857142918e+01
1.186857142857142833e+02 1.302767857142857224e+02 7.785357142857142776e+01
1.416642857142857110e+02 1.140821428571428555e+02 1.067437500000000057e+02
1.335035714285714334e+02 9.255803571428570820e+01 9.163750000000000284e+01
1.261151785714285722e+02 1.000178571428571388e+02 9.580892857142856656e+01
9.557767857142857792e+01 5.436249999999999716e+01 8.942232142857142208e+01
7.906250000000000000e+01 8.325446428571429180e+01 1.193285714285714221e+02
1.062348214285714221e+02 8.667321428571428044e+01 9.120535714285713524e+00
9.426696428571428044e+01 3.278482142857142634e+01 7.154732142857142208e+01
1.028607142857142804e+02 7.244553571428571104e+01 7.873571428571428044e+01
9.002857142857142492e+01 8.865267857142856656e+01 8.382589285714286120e+01
1.391446428571428555e+02 1.517008928571428612e+02 8.896071428571428896e+01
1.003080357142857082e+02 1.013410714285714249e+02 5.871785714285714164e+01
9.905625000000000568e+01 1.130562500000000057e+02 7.845000000000000284e+01
1.056330357142857110e+02 7.291607142857142776e+01 8.616249999999999432e+01
1.472705357142857281e+02 6.976696428571428044e+01 1.806428571428571317e+01
1.057973214285714221e+02 9.755178571428571388e+01 8.935982142857142208e+01
1.105062499999999943e+02 8.063482142857142776e+01 1.418151785714285609e+02
6.961964285714286405e+01 8.240982142857143344e+01 3.347142857142856798e+01
2.155044642857142776e+02 1.414160714285714278e+02 5.762946428571428470e+01
2.188339285714285722e+02 1.282142857142857224e+02 1.297375000000000114e+02
1.875303571428571558e+02 4.660178571428571104e+01 5.090178571428571530e+01
2.181089285714285779e+02 1.436187500000000057e+02 1.707607142857142719e+02
7.033839285714286405e+01 2.864375000000000071e+01 5.878125000000000000e+01
1.029321428571428640e+02 9.389285714285713880e+01 9.712678571428571672e+01
1.605928571428571558e+02 6.858214285714285552e+01 1.269330357142857082e+02
2.355437499999999886e+02 2.158750000000000000e+02 2.161285714285714334e+02
1.851535714285714391e+02 1.594580357142857281e+02 7.258035714285714590e+00
2.054982142857142833e+02 1.628714285714285666e+02 1.715857142857142890e+02
1.400258928571428498e+02 6.371607142857143202e+01 1.174232142857142804e+02
1.412741071428571331e+02 1.329589285714285722e+02 1.031830357142857082e+02
1.312169642857142833e+02 9.671250000000000568e+01 1.039151785714285694e+02
1.135553571428571473e+02 1.000946428571428584e+02 1.079973214285714249e+02
1.130696428571428527e+02 1.260803571428571388e+02 1.042750000000000057e+02
1.808044642857142890e+02 1.796321428571428669e+02 1.644464285714285836e+02
5.897500000000000142e+01 8.506607142857143344e+01 5.994017857142856798e+01
1.196080357142857196e+02 8.230357142857143060e+01 5.261249999999999716e+01
1.021812500000000057e+02 1.187187500000000000e+02 7.958303571428571388e+01
1.479330357142857224e+02 7.485535714285714448e+01 5.703303571428571672e+01
1.967973214285714221e+02 1.534410714285714334e+02 5.238125000000000142e+01
1.390214285714285722e+02 1.113901785714285779e+02 1.195428571428571445e+02
1.504017857142857224e+02 9.004017857142856940e+01 5.539732142857143060e+01
6.703125000000000000e+01 6.988303571428571104e+01 7.094374999999999432e+01
1.459303571428571331e+02 7.556696428571429180e+01 8.673125000000000284e+01
1.643633928571428555e+02 1.226821428571428640e+02 1.231928571428571360e+02
9.174732142857142492e+01 1.096571428571428584e+02 9.925357142857143344e+01
1.619714285714285609e+02 1.216705357142857196e+02 2.380982142857142847e+01
1.282723214285714164e+02 9.852410714285714732e+01 1.023178571428571360e+02
5.348035714285714448e+01 5.800089285714285836e+01 3.778035714285714164e+01
8.458750000000000568e+01 9.442857142857143060e+01 4.821696428571428328e+01
1.640785714285714221e+02 1.257410714285714306e+02 9.106517857142857508e+01
9.391071428571429180e+01 9.440267857142856656e+01 8.384999999999999432e+01
1.182928571428571445e+02 1.054973214285714249e+02 1.345446428571428612e+02
7.165625000000000000e+01 8.232857142857142208e+01 5.854464285714285410e+01
7.725624999999999432e+01 7.705714285714286405e+01 7.195982142857143060e+01
8.168482142857142492e+01 6.357321428571428612e+01 6.805982142857142492e+01
1.110250000000000057e+02 8.097857142857142776e+01 7.512500000000000000e+01
9.652142857142857224e+01 7.541160714285713595e+01 2.549107142857142705e+01
1.396392857142857054e+02 1.278419642857142833e+02 1.035999999999999943e+02
1.777446428571428498e+02 1.336446428571428555e+02 1.294205357142857054e+02
8.601874999999999716e+01 6.245803571428571388e+01 4.588750000000000284e+01
8.337142857142856656e+01 6.898392857142857792e+01 8.145267857142857792e+01
8.232678571428571956e+01 8.602767857142856656e+01 8.539196428571428044e+01
9.849553571428570820e+01 8.943035714285714732e+01 1.693482142857142847e+01
1.576821428571428498e+02 1.807571428571428669e+02 1.912553571428571502e+02
1.293580357142857054e+02 1.195044642857142918e+02 8.086517857142857224e+01
1.013866071428571445e+02 4.454821428571428754e+01 4.930267857142857224e+01
1.414446428571428669e+02 9.828303571428571672e+01 5.846339285714285694e+01
1.210616071428571416e+02 9.141160714285713595e+01 7.297053571428571672e+01
1.035151785714285779e+02 1.171348214285714278e+02 7.392053571428571956e+01
1.596026785714285836e+02 1.090491071428571388e+02 3.534285714285714164e+01
7.700535714285713595e+01 9.016607142857142776e+01 3.310000000000000142e+01
8.845803571428571388e+01 8.502946428571428328e+01 8.938214285714285268e+01
9.727321428571428896e+01 1.056839285714285666e+02 8.311696428571428896e+01
1.447624999999999886e+02 9.197857142857142776e+01 7.746964285714285836e+01
1.037285714285714278e+02 9.841428571428571104e+01 6.760535714285714448e+01
1.226205357142857082e+02 6.001250000000000284e+01 8.687946428571429180e+01
7.483839285714286405e+01 4.238482142857142776e+01 5.141964285714285410e+01
1.185821428571428555e+02 9.358214285714285552e+01 1.042107142857142890e+02
1.851419642857142946e+02 1.652776785714285666e+02 1.280267857142857224e+02
1.471982142857142719e+02 1.458526785714285836e+02 1.411401785714285779e+02
1.541026785714285836e+02 1.344017857142857224e+02 1.285714285714285836e+02
1.148758928571428584e+02 9.032232142857142776e+01 1.207991071428571388e+02
1.755464285714285779e+02 1.187964285714285779e+02 1.486508928571428498e+02
1.006741071428571388e+02 8.982767857142857792e+01 1.961964285714285694e+01
1.321732142857142946e+02 8.906428571428571672e+01 9.701696428571428044e+01
1.943883928571428612e+02 1.224625000000000057e+02 1.394437499999999943e+02
8.122678571428571104e+01 6.016250000000000142e+01 6.234107142857143202e+01
8.500446428571429180e+01 8.476696428571428044e+01 5.939464285714285552e+01
1.698232142857142719e+02 1.613562499999999886e+02 1.147544642857142918e+02
1.128919642857142804e+02 1.023116071428571416e+02 1.074544642857142804e+02
1.360294642857142833e+02 1.195892857142857082e+02 9.866607142857142776e+01
7.954017857142856940e+01 8.599196428571428896e+01 6.746160714285714732e+01
1.172241071428571360e+02 8.416517857142856940e+01 3.841339285714285978e+01
1.457303571428571445e+02 4.500446428571428470e+01 1.715267857142857011e+01
1.362455357142857224e+02 3.494642857142856940e+01 1.169107142857142811e+01
9.873660714285713880e+01 1.640285714285714391e+02 1.412732142857142890e+02
1.402839285714285609e+02 1.005410714285714278e+02 7.082142857142857295e+00
1.543857142857142719e+02 1.129839285714285779e+02 1.222571428571428527e+02
8.661875000000000568e+01 6.349285714285714022e+01 5.187946428571428470e+01
1.032785714285714249e+02 5.970446428571428754e+01 7.238124999999999432e+01
1.431053571428571445e+02 1.055125000000000028e+02 8.024910714285714164e+01
1.438223214285714278e+02 9.696428571428570820e+01 1.010196428571428555e+02
1.136660714285714278e+02 9.220446428571428044e+01 1.270258928571428640e+02
1.481678571428571445e+02 9.926607142857142208e+01 1.299875000000000114e+02
1.073803571428571360e+02 8.968839285714285836e+01 4.197946428571428612e+01
1.132017857142857196e+02 8.729999999999999716e+01 1.057723214285714306e+02
1.069669642857142833e+02 7.152410714285714732e+01 1.571526785714285666e+02
7.364107142857142208e+01 8.234732142857143344e+01 9.559017857142856656e+01
1.610910714285714391e+02 1.351500000000000057e+02 1.138205357142857110e+02
1.300330357142857167e+02 1.179866071428571388e+02 1.052419642857142890e+02
1.257026785714285779e+02 6.431339285714285836e+01 9.691249999999999432e+01
4.922321428571428470e+01 4.167946428571428896e+01 3.250803571428571104e+01
1.305633928571428442e+02 1.209258928571428555e+02 1.480419642857142719e+02
1.040946428571428584e+02 1.010098214285714278e+02 9.822410714285713595e+01
7.219464285714285268e+01 6.642321428571428044e+01 6.239285714285714590e+01
1.556714285714285779e+02 1.587366071428571388e+02 1.074312500000000057e+02
1.455098214285714278e+02 1.299008928571428498e+02 8.376160714285714448e+01
1.651374999999999886e+02 1.222089285714285722e+02 8.504910714285713880e+01
1.211803571428571473e+02 8.677946428571428328e+01 9.325178571428571672e+01
1.655285714285714391e+02 6.114910714285714022e+01 1.541785714285714270e+01
4.714017857142857082e+01 4.631607142857142634e+01 4.153214285714285836e+01
2.153446428571428442e+02 1.777517857142857167e+02 1.581624999999999943e+02
1.158446428571428584e+02 1.111651785714285694e+02 1.200205357142857139e+02
1.454178571428571445e+02 8.837142857142856656e+01 9.327142857142857224e+01
2.003687500000000057e+02 9.165982142857143344e+01 1.681696428571428470e+01
1.380035714285714334e+02 1.365321428571428442e+02 9.414553571428571388e+01
1.474830357142857054e+02 9.531428571428571672e+01 1.195892857142857082e+02
5.898749999999999716e+01 4.151071428571428612e+01 2.297500000000000142e+01
1.414080357142857167e+02 1.175607142857142833e+02 1.217312500000000028e+02
1.359482142857142719e+02 1.098187499999999943e+02 1.397410714285714306e+01
4.221607142857143202e+01 3.407589285714285410e+01 6.108482142857143060e+01
1.487705357142857281e+02 1.184491071428571445e+02 1.322883928571428669e+02
1.149000000000000057e+02 9.940089285714286405e+01 5.908035714285714590e+01
1.417035714285714221e+02 5.168482142857143202e+01 9.119374999999999432e+01
1.606562500000000000e+02 1.078526785714285694e+02 1.125000000000000000e+02
1.404250000000000114e+02 1.441151785714285722e+02 1.365749999999999886e+02
1.374723214285714334e+02 1.300133928571428612e+02 9.340357142857142492e+01
9.870267857142857792e+01 3.392678571428571388e+01 5.467410714285714590e+01
1.859651785714285666e+02 1.439848214285714221e+02 1.389982142857142833e+02
1.201937499999999943e+02 1.022696428571428555e+02 9.742589285714285552e+01
1.747410714285714164e+02 1.278214285714285694e+02 7.348214285714286120e+01
1.732116071428571331e+02 1.509392857142857167e+02 9.550357142857143344e+01
1.514491071428571445e+02 1.605999999999999943e+02 1.240258928571428640e+02
7.205714285714286405e+01 6.959553571428571672e+01 6.399821428571428328e+01
1.319098214285714334e+02 9.795446428571428044e+01 5.632142857142856940e+01
1.176482142857142890e+02 7.542946428571428896e+01 4.729375000000000284e+01
1.331562500000000000e+02 7.800803571428571104e+01 1.272669642857142804e+02
9.860357142857142776e+01 9.383660714285714732e+01 7.470357142857142208e+01
9.181428571428571672e+01 5.905892857142857366e+01 4.914821428571428896e+01
1.587116071428571331e+02 1.175491071428571388e+02 2.094821428571428612e+01
1.230071428571428527e+02 1.190464285714285779e+02 6.429464285714286120e+01
4.729821428571428754e+01 5.213482142857142776e+01 4.795357142857142918e+01
1.119151785714285694e+02 8.349732142857142492e+01 7.879910714285713880e+01
1.250785714285714221e+02 1.192687499999999972e+02 1.063321428571428555e+02
1.305214285714285722e+02 4.190982142857142634e+01 7.659999999999999432e+01
1.389571428571428555e+02 1.130919642857142833e+02 1.154330357142857082e+02
8.916517857142856940e+01 7.140535714285714164e+01 1.399553571428571352e+01
1.154214285714285779e+02 1.027553571428571360e+02 7.962678571428571672e+01
7.331428571428571672e+01 4.775535714285714306e+01 8.219196428571429180e+01
1.300151785714285779e+02 1.064535714285714221e+02 6.940089285714286405e+01
1.465625000000000000e+02 9.473928571428571388e+01 1.211187500000000057e+02
1.667794642857142833e+02 1.727901785714285836e+02 1.211107142857142804e+02
1.610035714285714334e+02 1.535464285714285779e+02 1.502053571428571388e+02
1.141053571428571445e+02 1.032080357142857139e+02 9.951964285714285552e+01
1.047830357142857167e+02 1.039633928571428640e+02 8.200000000000000000e+01
1.235151785714285779e+02 1.054124999999999943e+02 1.013428571428571416e+02
3.788839285714285410e+01 4.692499999999999716e+01 3.785982142857142918e+01
1.330696428571428669e+02 7.379107142857142776e+01 3.590178571428571530e+01
7.842767857142857224e+01 6.011964285714285694e+01 6.787767857142857508e+01
1.769205357142857054e+02 8.545624999999999716e+01 5.393660714285714164e+01
1.104000000000000057e+02 1.253767857142857167e+02 8.538124999999999432e+01
8.945446428571428044e+01 9.355714285714286405e+01 3.248125000000000284e+01
1.898785714285714334e+02 1.218660714285714306e+02 1.028116071428571416e+02
1.140508928571428555e+02 1.040339285714285751e+02 9.328660714285713595e+01
2.361696428571428541e+01 2.562410714285714164e+01 2.068750000000000000e+01
1.497678571428571388e+02 1.227285714285714278e+02 1.023919642857142804e+02
1.550321428571428442e+02 8.337410714285714164e+01 1.234124999999999943e+02
5.254285714285714448e+01 5.190357142857143202e+01 5.517321428571428754e+01
1.499133928571428669e+02 8.348660714285713880e+01 9.330535714285714732e+01
9.051785714285713880e+01 2.799910714285714164e+01 4.912232142857143202e+01
1.875571428571428498e+02 6.500000000000000000e+01 1.579589285714285722e+02
